{
 "cells": [
  {
   "cell_type": "code",
   "execution_count": 46,
   "metadata": {},
   "outputs": [],
   "source": [
    "import pandas as pd\n",
    "from scipy import sparse"
   ]
  },
  {
   "cell_type": "code",
   "execution_count": 47,
   "metadata": {},
   "outputs": [
    {
     "data": {
      "text/html": [
       "<div>\n",
       "<style scoped>\n",
       "    .dataframe tbody tr th:only-of-type {\n",
       "        vertical-align: middle;\n",
       "    }\n",
       "\n",
       "    .dataframe tbody tr th {\n",
       "        vertical-align: top;\n",
       "    }\n",
       "\n",
       "    .dataframe thead th {\n",
       "        text-align: right;\n",
       "    }\n",
       "</style>\n",
       "<table border=\"1\" class=\"dataframe\">\n",
       "  <thead>\n",
       "    <tr style=\"text-align: right;\">\n",
       "      <th></th>\n",
       "      <th>horror1</th>\n",
       "      <th>horror2</th>\n",
       "      <th>horror3</th>\n",
       "      <th>comedy1</th>\n",
       "      <th>comedy2</th>\n",
       "      <th>comedy3</th>\n",
       "    </tr>\n",
       "  </thead>\n",
       "  <tbody>\n",
       "    <tr>\n",
       "      <td>user 1</td>\n",
       "      <td>4.0</td>\n",
       "      <td>5.0</td>\n",
       "      <td>3.0</td>\n",
       "      <td>NaN</td>\n",
       "      <td>2.0</td>\n",
       "      <td>1.0</td>\n",
       "    </tr>\n",
       "    <tr>\n",
       "      <td>user 2</td>\n",
       "      <td>5.0</td>\n",
       "      <td>3.0</td>\n",
       "      <td>3.0</td>\n",
       "      <td>2.0</td>\n",
       "      <td>2.0</td>\n",
       "      <td>NaN</td>\n",
       "    </tr>\n",
       "    <tr>\n",
       "      <td>user 3</td>\n",
       "      <td>1.0</td>\n",
       "      <td>NaN</td>\n",
       "      <td>NaN</td>\n",
       "      <td>4.0</td>\n",
       "      <td>5.0</td>\n",
       "      <td>4.0</td>\n",
       "    </tr>\n",
       "    <tr>\n",
       "      <td>user 4</td>\n",
       "      <td>NaN</td>\n",
       "      <td>2.0</td>\n",
       "      <td>1.0</td>\n",
       "      <td>4.0</td>\n",
       "      <td>NaN</td>\n",
       "      <td>3.0</td>\n",
       "    </tr>\n",
       "    <tr>\n",
       "      <td>user 5</td>\n",
       "      <td>1.0</td>\n",
       "      <td>NaN</td>\n",
       "      <td>2.0</td>\n",
       "      <td>3.0</td>\n",
       "      <td>3.0</td>\n",
       "      <td>4.0</td>\n",
       "    </tr>\n",
       "  </tbody>\n",
       "</table>\n",
       "</div>"
      ],
      "text/plain": [
       "        horror1  horror2  horror3  comedy1  comedy2  comedy3\n",
       "user 1      4.0      5.0      3.0      NaN      2.0      1.0\n",
       "user 2      5.0      3.0      3.0      2.0      2.0      NaN\n",
       "user 3      1.0      NaN      NaN      4.0      5.0      4.0\n",
       "user 4      NaN      2.0      1.0      4.0      NaN      3.0\n",
       "user 5      1.0      NaN      2.0      3.0      3.0      4.0"
      ]
     },
     "execution_count": 47,
     "metadata": {},
     "output_type": "execute_result"
    }
   ],
   "source": [
    "ratings = pd.read_csv(\"dummy.txt\",index_col=0)\n",
    "ratings"
   ]
  },
  {
   "cell_type": "code",
   "execution_count": 48,
   "metadata": {},
   "outputs": [
    {
     "data": {
      "text/html": [
       "<div>\n",
       "<style scoped>\n",
       "    .dataframe tbody tr th:only-of-type {\n",
       "        vertical-align: middle;\n",
       "    }\n",
       "\n",
       "    .dataframe tbody tr th {\n",
       "        vertical-align: top;\n",
       "    }\n",
       "\n",
       "    .dataframe thead th {\n",
       "        text-align: right;\n",
       "    }\n",
       "</style>\n",
       "<table border=\"1\" class=\"dataframe\">\n",
       "  <thead>\n",
       "    <tr style=\"text-align: right;\">\n",
       "      <th></th>\n",
       "      <th>horror1</th>\n",
       "      <th>horror2</th>\n",
       "      <th>horror3</th>\n",
       "      <th>comedy1</th>\n",
       "      <th>comedy2</th>\n",
       "      <th>comedy3</th>\n",
       "    </tr>\n",
       "  </thead>\n",
       "  <tbody>\n",
       "    <tr>\n",
       "      <td>user 1</td>\n",
       "      <td>4.0</td>\n",
       "      <td>5.0</td>\n",
       "      <td>3.0</td>\n",
       "      <td>0.0</td>\n",
       "      <td>2.0</td>\n",
       "      <td>1.0</td>\n",
       "    </tr>\n",
       "    <tr>\n",
       "      <td>user 2</td>\n",
       "      <td>5.0</td>\n",
       "      <td>3.0</td>\n",
       "      <td>3.0</td>\n",
       "      <td>2.0</td>\n",
       "      <td>2.0</td>\n",
       "      <td>0.0</td>\n",
       "    </tr>\n",
       "    <tr>\n",
       "      <td>user 3</td>\n",
       "      <td>1.0</td>\n",
       "      <td>0.0</td>\n",
       "      <td>0.0</td>\n",
       "      <td>4.0</td>\n",
       "      <td>5.0</td>\n",
       "      <td>4.0</td>\n",
       "    </tr>\n",
       "    <tr>\n",
       "      <td>user 4</td>\n",
       "      <td>0.0</td>\n",
       "      <td>2.0</td>\n",
       "      <td>1.0</td>\n",
       "      <td>4.0</td>\n",
       "      <td>0.0</td>\n",
       "      <td>3.0</td>\n",
       "    </tr>\n",
       "    <tr>\n",
       "      <td>user 5</td>\n",
       "      <td>1.0</td>\n",
       "      <td>0.0</td>\n",
       "      <td>2.0</td>\n",
       "      <td>3.0</td>\n",
       "      <td>3.0</td>\n",
       "      <td>4.0</td>\n",
       "    </tr>\n",
       "  </tbody>\n",
       "</table>\n",
       "</div>"
      ],
      "text/plain": [
       "        horror1  horror2  horror3  comedy1  comedy2  comedy3\n",
       "user 1      4.0      5.0      3.0      0.0      2.0      1.0\n",
       "user 2      5.0      3.0      3.0      2.0      2.0      0.0\n",
       "user 3      1.0      0.0      0.0      4.0      5.0      4.0\n",
       "user 4      0.0      2.0      1.0      4.0      0.0      3.0\n",
       "user 5      1.0      0.0      2.0      3.0      3.0      4.0"
      ]
     },
     "execution_count": 48,
     "metadata": {},
     "output_type": "execute_result"
    }
   ],
   "source": [
    "ratings = ratings.fillna(0)\n",
    "ratings"
   ]
  },
  {
   "cell_type": "code",
   "execution_count": 49,
   "metadata": {},
   "outputs": [
    {
     "name": "stdout",
     "output_type": "stream",
     "text": [
      "         user 1  user 2  user 3    user 4    user 5\n",
      "horror1    0.36    0.56   -0.24 -0.440000 -0.240000\n",
      "horror2    0.60    0.20   -0.40  0.000000 -0.400000\n",
      "horror3    0.40    0.40   -0.60 -0.266667  0.066667\n",
      "comedy1   -0.65   -0.15    0.35  0.350000  0.100000\n",
      "comedy2   -0.08   -0.08    0.52 -0.480000  0.120000\n",
      "comedy3   -0.35   -0.60    0.40  0.150000  0.400000\n"
     ]
    },
    {
     "data": {
      "text/html": [
       "<div>\n",
       "<style scoped>\n",
       "    .dataframe tbody tr th:only-of-type {\n",
       "        vertical-align: middle;\n",
       "    }\n",
       "\n",
       "    .dataframe tbody tr th {\n",
       "        vertical-align: top;\n",
       "    }\n",
       "\n",
       "    .dataframe thead th {\n",
       "        text-align: right;\n",
       "    }\n",
       "</style>\n",
       "<table border=\"1\" class=\"dataframe\">\n",
       "  <thead>\n",
       "    <tr style=\"text-align: right;\">\n",
       "      <th></th>\n",
       "      <th>horror1</th>\n",
       "      <th>horror2</th>\n",
       "      <th>horror3</th>\n",
       "      <th>comedy1</th>\n",
       "      <th>comedy2</th>\n",
       "      <th>comedy3</th>\n",
       "    </tr>\n",
       "  </thead>\n",
       "  <tbody>\n",
       "    <tr>\n",
       "      <td>horror1</td>\n",
       "      <td>1.000000</td>\n",
       "      <td>0.706689</td>\n",
       "      <td>0.813682</td>\n",
       "      <td>-0.799411</td>\n",
       "      <td>-0.025392</td>\n",
       "      <td>-0.914106</td>\n",
       "    </tr>\n",
       "    <tr>\n",
       "      <td>horror2</td>\n",
       "      <td>0.706689</td>\n",
       "      <td>1.000000</td>\n",
       "      <td>0.723102</td>\n",
       "      <td>-0.845154</td>\n",
       "      <td>-0.518999</td>\n",
       "      <td>-0.843374</td>\n",
       "    </tr>\n",
       "    <tr>\n",
       "      <td>horror3</td>\n",
       "      <td>0.813682</td>\n",
       "      <td>0.723102</td>\n",
       "      <td>1.000000</td>\n",
       "      <td>-0.847946</td>\n",
       "      <td>-0.379980</td>\n",
       "      <td>-0.802181</td>\n",
       "    </tr>\n",
       "    <tr>\n",
       "      <td>comedy1</td>\n",
       "      <td>-0.799411</td>\n",
       "      <td>-0.845154</td>\n",
       "      <td>-0.847946</td>\n",
       "      <td>1.000000</td>\n",
       "      <td>0.148039</td>\n",
       "      <td>0.723747</td>\n",
       "    </tr>\n",
       "    <tr>\n",
       "      <td>comedy2</td>\n",
       "      <td>-0.025392</td>\n",
       "      <td>-0.518999</td>\n",
       "      <td>-0.379980</td>\n",
       "      <td>0.148039</td>\n",
       "      <td>1.000000</td>\n",
       "      <td>0.393939</td>\n",
       "    </tr>\n",
       "    <tr>\n",
       "      <td>comedy3</td>\n",
       "      <td>-0.914106</td>\n",
       "      <td>-0.843374</td>\n",
       "      <td>-0.802181</td>\n",
       "      <td>0.723747</td>\n",
       "      <td>0.393939</td>\n",
       "      <td>1.000000</td>\n",
       "    </tr>\n",
       "  </tbody>\n",
       "</table>\n",
       "</div>"
      ],
      "text/plain": [
       "          horror1   horror2   horror3   comedy1   comedy2   comedy3\n",
       "horror1  1.000000  0.706689  0.813682 -0.799411 -0.025392 -0.914106\n",
       "horror2  0.706689  1.000000  0.723102 -0.845154 -0.518999 -0.843374\n",
       "horror3  0.813682  0.723102  1.000000 -0.847946 -0.379980 -0.802181\n",
       "comedy1 -0.799411 -0.845154 -0.847946  1.000000  0.148039  0.723747\n",
       "comedy2 -0.025392 -0.518999 -0.379980  0.148039  1.000000  0.393939\n",
       "comedy3 -0.914106 -0.843374 -0.802181  0.723747  0.393939  1.000000"
      ]
     },
     "execution_count": 49,
     "metadata": {},
     "output_type": "execute_result"
    }
   ],
   "source": [
    "def standardize(row):\n",
    "    new_row = (row - row.mean())/(row.max()-row.min())\n",
    "    return new_row\n",
    "ratings_std = ratings.apply(standardize).T\n",
    "print(ratings_std)\n",
    "\n",
    "\n",
    "sparse_df = sparse.csr_matrix(ratings_std.values)\n",
    "corrMatrix = pd.DataFrame(cosine_similarity(sparse_df),index=ratings.columns,columns=ratings.columns)\n",
    "corrMatrix\n"
   ]
  },
  {
   "cell_type": "code",
   "execution_count": 50,
   "metadata": {},
   "outputs": [
    {
     "data": {
      "text/html": [
       "<div>\n",
       "<style scoped>\n",
       "    .dataframe tbody tr th:only-of-type {\n",
       "        vertical-align: middle;\n",
       "    }\n",
       "\n",
       "    .dataframe tbody tr th {\n",
       "        vertical-align: top;\n",
       "    }\n",
       "\n",
       "    .dataframe thead th {\n",
       "        text-align: right;\n",
       "    }\n",
       "</style>\n",
       "<table border=\"1\" class=\"dataframe\">\n",
       "  <thead>\n",
       "    <tr style=\"text-align: right;\">\n",
       "      <th></th>\n",
       "      <th>horror1</th>\n",
       "      <th>horror2</th>\n",
       "      <th>horror3</th>\n",
       "      <th>comedy1</th>\n",
       "      <th>comedy2</th>\n",
       "      <th>comedy3</th>\n",
       "    </tr>\n",
       "  </thead>\n",
       "  <tbody>\n",
       "    <tr>\n",
       "      <td>horror1</td>\n",
       "      <td>1.000000</td>\n",
       "      <td>0.706689</td>\n",
       "      <td>0.813682</td>\n",
       "      <td>-0.799411</td>\n",
       "      <td>-0.025392</td>\n",
       "      <td>-0.914106</td>\n",
       "    </tr>\n",
       "    <tr>\n",
       "      <td>horror2</td>\n",
       "      <td>0.706689</td>\n",
       "      <td>1.000000</td>\n",
       "      <td>0.723102</td>\n",
       "      <td>-0.845154</td>\n",
       "      <td>-0.518999</td>\n",
       "      <td>-0.843374</td>\n",
       "    </tr>\n",
       "    <tr>\n",
       "      <td>horror3</td>\n",
       "      <td>0.813682</td>\n",
       "      <td>0.723102</td>\n",
       "      <td>1.000000</td>\n",
       "      <td>-0.847946</td>\n",
       "      <td>-0.379980</td>\n",
       "      <td>-0.802181</td>\n",
       "    </tr>\n",
       "    <tr>\n",
       "      <td>comedy1</td>\n",
       "      <td>-0.799411</td>\n",
       "      <td>-0.845154</td>\n",
       "      <td>-0.847946</td>\n",
       "      <td>1.000000</td>\n",
       "      <td>0.148039</td>\n",
       "      <td>0.723747</td>\n",
       "    </tr>\n",
       "    <tr>\n",
       "      <td>comedy2</td>\n",
       "      <td>-0.025392</td>\n",
       "      <td>-0.518999</td>\n",
       "      <td>-0.379980</td>\n",
       "      <td>0.148039</td>\n",
       "      <td>1.000000</td>\n",
       "      <td>0.393939</td>\n",
       "    </tr>\n",
       "    <tr>\n",
       "      <td>comedy3</td>\n",
       "      <td>-0.914106</td>\n",
       "      <td>-0.843374</td>\n",
       "      <td>-0.802181</td>\n",
       "      <td>0.723747</td>\n",
       "      <td>0.393939</td>\n",
       "      <td>1.000000</td>\n",
       "    </tr>\n",
       "  </tbody>\n",
       "</table>\n",
       "</div>"
      ],
      "text/plain": [
       "          horror1   horror2   horror3   comedy1   comedy2   comedy3\n",
       "horror1  1.000000  0.706689  0.813682 -0.799411 -0.025392 -0.914106\n",
       "horror2  0.706689  1.000000  0.723102 -0.845154 -0.518999 -0.843374\n",
       "horror3  0.813682  0.723102  1.000000 -0.847946 -0.379980 -0.802181\n",
       "comedy1 -0.799411 -0.845154 -0.847946  1.000000  0.148039  0.723747\n",
       "comedy2 -0.025392 -0.518999 -0.379980  0.148039  1.000000  0.393939\n",
       "comedy3 -0.914106 -0.843374 -0.802181  0.723747  0.393939  1.000000"
      ]
     },
     "execution_count": 50,
     "metadata": {},
     "output_type": "execute_result"
    }
   ],
   "source": [
    "corrMatrix = ratings.corr(method='pearson')\n",
    "corrMatrix.head(6)"
   ]
  },
  {
   "cell_type": "code",
   "execution_count": 51,
   "metadata": {},
   "outputs": [],
   "source": [
    "def get_similar(movie_name,rating):\n",
    "    similar_score = corrMatrix[movie_name]*(rating-2.5)\n",
    "    similar_score = similar_score.sort_values(ascending=False)\n",
    "    return similar_score"
   ]
  },
  {
   "cell_type": "code",
   "execution_count": 52,
   "metadata": {},
   "outputs": [
    {
     "data": {
      "text/plain": [
       "array([[ 1.        ,  0.70668875,  0.81368151, -0.79941088, -0.02539184,\n",
       "        -0.91410609],\n",
       "       [ 0.70668875,  1.        ,  0.72310153, -0.84515425, -0.5189993 ,\n",
       "        -0.84337386],\n",
       "       [ 0.81368151,  0.72310153,  1.        , -0.84794611, -0.3799803 ,\n",
       "        -0.80218063],\n",
       "       [-0.79941088, -0.84515425, -0.84794611,  1.        ,  0.14803913,\n",
       "         0.72374686],\n",
       "       [-0.02539184, -0.5189993 , -0.3799803 ,  0.14803913,  1.        ,\n",
       "         0.39393939],\n",
       "       [-0.91410609, -0.84337386, -0.80218063,  0.72374686,  0.39393939,\n",
       "         1.        ]])"
      ]
     },
     "execution_count": 52,
     "metadata": {},
     "output_type": "execute_result"
    }
   ],
   "source": [
    "item_similarity"
   ]
  },
  {
   "cell_type": "code",
   "execution_count": 53,
   "metadata": {},
   "outputs": [
    {
     "name": "stdout",
     "output_type": "stream",
     "text": [
      "[[ 1.          0.70668875  0.81368151 -0.79941088 -0.02539184 -0.91410609]\n",
      " [ 0.70668875  1.          0.72310153 -0.84515425 -0.5189993  -0.84337386]\n",
      " [ 0.81368151  0.72310153  1.         -0.84794611 -0.3799803  -0.80218063]\n",
      " [-0.79941088 -0.84515425 -0.84794611  1.          0.14803913  0.72374686]\n",
      " [-0.02539184 -0.5189993  -0.3799803   0.14803913  1.          0.39393939]\n",
      " [-0.91410609 -0.84337386 -0.80218063  0.72374686  0.39393939  1.        ]]\n"
     ]
    }
   ],
   "source": [
    "print(item_similarity)"
   ]
  },
  {
   "cell_type": "code",
   "execution_count": 54,
   "metadata": {},
   "outputs": [
    {
     "data": {
      "text/html": [
       "<div>\n",
       "<style scoped>\n",
       "    .dataframe tbody tr th:only-of-type {\n",
       "        vertical-align: middle;\n",
       "    }\n",
       "\n",
       "    .dataframe tbody tr th {\n",
       "        vertical-align: top;\n",
       "    }\n",
       "\n",
       "    .dataframe thead th {\n",
       "        text-align: right;\n",
       "    }\n",
       "</style>\n",
       "<table border=\"1\" class=\"dataframe\">\n",
       "  <thead>\n",
       "    <tr style=\"text-align: right;\">\n",
       "      <th></th>\n",
       "      <th>horror1</th>\n",
       "      <th>horror2</th>\n",
       "      <th>horror3</th>\n",
       "      <th>comedy1</th>\n",
       "      <th>comedy2</th>\n",
       "      <th>comedy3</th>\n",
       "    </tr>\n",
       "  </thead>\n",
       "  <tbody>\n",
       "    <tr>\n",
       "      <td>horror1</td>\n",
       "      <td>1.000000</td>\n",
       "      <td>0.706689</td>\n",
       "      <td>0.813682</td>\n",
       "      <td>-0.799411</td>\n",
       "      <td>-0.025392</td>\n",
       "      <td>-0.914106</td>\n",
       "    </tr>\n",
       "    <tr>\n",
       "      <td>horror2</td>\n",
       "      <td>0.706689</td>\n",
       "      <td>1.000000</td>\n",
       "      <td>0.723102</td>\n",
       "      <td>-0.845154</td>\n",
       "      <td>-0.518999</td>\n",
       "      <td>-0.843374</td>\n",
       "    </tr>\n",
       "    <tr>\n",
       "      <td>horror3</td>\n",
       "      <td>0.813682</td>\n",
       "      <td>0.723102</td>\n",
       "      <td>1.000000</td>\n",
       "      <td>-0.847946</td>\n",
       "      <td>-0.379980</td>\n",
       "      <td>-0.802181</td>\n",
       "    </tr>\n",
       "    <tr>\n",
       "      <td>comedy1</td>\n",
       "      <td>-0.799411</td>\n",
       "      <td>-0.845154</td>\n",
       "      <td>-0.847946</td>\n",
       "      <td>1.000000</td>\n",
       "      <td>0.148039</td>\n",
       "      <td>0.723747</td>\n",
       "    </tr>\n",
       "    <tr>\n",
       "      <td>comedy2</td>\n",
       "      <td>-0.025392</td>\n",
       "      <td>-0.518999</td>\n",
       "      <td>-0.379980</td>\n",
       "      <td>0.148039</td>\n",
       "      <td>1.000000</td>\n",
       "      <td>0.393939</td>\n",
       "    </tr>\n",
       "    <tr>\n",
       "      <td>comedy3</td>\n",
       "      <td>-0.914106</td>\n",
       "      <td>-0.843374</td>\n",
       "      <td>-0.802181</td>\n",
       "      <td>0.723747</td>\n",
       "      <td>0.393939</td>\n",
       "      <td>1.000000</td>\n",
       "    </tr>\n",
       "  </tbody>\n",
       "</table>\n",
       "</div>"
      ],
      "text/plain": [
       "          horror1   horror2   horror3   comedy1   comedy2   comedy3\n",
       "horror1  1.000000  0.706689  0.813682 -0.799411 -0.025392 -0.914106\n",
       "horror2  0.706689  1.000000  0.723102 -0.845154 -0.518999 -0.843374\n",
       "horror3  0.813682  0.723102  1.000000 -0.847946 -0.379980 -0.802181\n",
       "comedy1 -0.799411 -0.845154 -0.847946  1.000000  0.148039  0.723747\n",
       "comedy2 -0.025392 -0.518999 -0.379980  0.148039  1.000000  0.393939\n",
       "comedy3 -0.914106 -0.843374 -0.802181  0.723747  0.393939  1.000000"
      ]
     },
     "execution_count": 54,
     "metadata": {},
     "output_type": "execute_result"
    }
   ],
   "source": [
    "#converting numpy array into data frame\n",
    "item_similarity_df = pd.DataFrame(item_similarity,index=ratings.columns,columns=ratings.columns)\n",
    "item_similarity_df"
   ]
  },
  {
   "cell_type": "code",
   "execution_count": 55,
   "metadata": {},
   "outputs": [
    {
     "name": "stdout",
     "output_type": "stream",
     "text": [
      "horror1    1.371159\n",
      "horror2    1.265061\n",
      "horror3    1.203271\n",
      "comedy2   -0.590909\n",
      "comedy1   -1.085620\n",
      "comedy3   -1.500000\n",
      "Name: comedy3, dtype: float64\n"
     ]
    }
   ],
   "source": [
    "#let's make recommendations\n",
    "def get_similar_movies(movie_name,user_rating):\n",
    "    similar_score = item_similarity_df[movie_name]*(user_rating-2.5)\n",
    "    similar_score = similar_score.sort_values(ascending=False)\n",
    "    return similar_score\n",
    "print (get_similar_movies(\"comedy3\",1))"
   ]
  },
  {
   "cell_type": "code",
   "execution_count": 56,
   "metadata": {},
   "outputs": [],
   "source": [
    "user1 = [(\"horror1\",5),(\"horror2\",1),(\"horror3\",1)]\n",
    "similar_movies = pd.DataFrame()\n",
    "for movie,rating in user1:\n",
    "    similar_movies = similar_movies.append(get_similar_movies(movie,rating),ignore_index=True)"
   ]
  },
  {
   "cell_type": "code",
   "execution_count": 57,
   "metadata": {},
   "outputs": [
    {
     "data": {
      "text/html": [
       "<div>\n",
       "<style scoped>\n",
       "    .dataframe tbody tr th:only-of-type {\n",
       "        vertical-align: middle;\n",
       "    }\n",
       "\n",
       "    .dataframe tbody tr th {\n",
       "        vertical-align: top;\n",
       "    }\n",
       "\n",
       "    .dataframe thead th {\n",
       "        text-align: right;\n",
       "    }\n",
       "</style>\n",
       "<table border=\"1\" class=\"dataframe\">\n",
       "  <thead>\n",
       "    <tr style=\"text-align: right;\">\n",
       "      <th></th>\n",
       "      <th>comedy1</th>\n",
       "      <th>comedy2</th>\n",
       "      <th>comedy3</th>\n",
       "      <th>horror1</th>\n",
       "      <th>horror2</th>\n",
       "      <th>horror3</th>\n",
       "    </tr>\n",
       "  </thead>\n",
       "  <tbody>\n",
       "    <tr>\n",
       "      <td>0</td>\n",
       "      <td>-1.998527</td>\n",
       "      <td>-0.063480</td>\n",
       "      <td>-2.285265</td>\n",
       "      <td>2.500000</td>\n",
       "      <td>1.766722</td>\n",
       "      <td>2.034204</td>\n",
       "    </tr>\n",
       "    <tr>\n",
       "      <td>1</td>\n",
       "      <td>1.267731</td>\n",
       "      <td>0.778499</td>\n",
       "      <td>1.265061</td>\n",
       "      <td>-1.060033</td>\n",
       "      <td>-1.500000</td>\n",
       "      <td>-1.084652</td>\n",
       "    </tr>\n",
       "    <tr>\n",
       "      <td>2</td>\n",
       "      <td>1.271919</td>\n",
       "      <td>0.569970</td>\n",
       "      <td>1.203271</td>\n",
       "      <td>-1.220522</td>\n",
       "      <td>-1.084652</td>\n",
       "      <td>-1.500000</td>\n",
       "    </tr>\n",
       "  </tbody>\n",
       "</table>\n",
       "</div>"
      ],
      "text/plain": [
       "    comedy1   comedy2   comedy3   horror1   horror2   horror3\n",
       "0 -1.998527 -0.063480 -2.285265  2.500000  1.766722  2.034204\n",
       "1  1.267731  0.778499  1.265061 -1.060033 -1.500000 -1.084652\n",
       "2  1.271919  0.569970  1.203271 -1.220522 -1.084652 -1.500000"
      ]
     },
     "execution_count": 57,
     "metadata": {},
     "output_type": "execute_result"
    }
   ],
   "source": [
    "similar_movies.head()"
   ]
  },
  {
   "cell_type": "code",
   "execution_count": 58,
   "metadata": {},
   "outputs": [
    {
     "data": {
      "text/plain": [
       "comedy2    1.284990\n",
       "comedy1    0.541123\n",
       "horror1    0.219445\n",
       "comedy3    0.183067\n",
       "horror3   -0.550449\n",
       "horror2   -0.817930\n",
       "dtype: float64"
      ]
     },
     "execution_count": 58,
     "metadata": {},
     "output_type": "execute_result"
    }
   ],
   "source": [
    "similar_movies.sum().sort_values(ascending=False)"
   ]
  }
 ],
 "metadata": {
  "kernelspec": {
   "display_name": "Python 3",
   "language": "python",
   "name": "python3"
  },
  "language_info": {
   "codemirror_mode": {
    "name": "ipython",
    "version": 3
   },
   "file_extension": ".py",
   "mimetype": "text/x-python",
   "name": "python",
   "nbconvert_exporter": "python",
   "pygments_lexer": "ipython3",
   "version": "3.7.4"
  }
 },
 "nbformat": 4,
 "nbformat_minor": 2
}
